Step: 555670
Balance: 89854.400390625
Shares held: 8
num_shares_sold: 0
total_transaction_cost: 0
Net worth: 100000.0
Profit: 0.0

Step: 555670
Balance: 89854.400390625
Shares held: 8
num_shares_sold: 0
total_transaction_cost: 0
Net worth: 100000.0
Profit: 0.0

Step: 555671
Balance: 79718.0
Shares held: 16
num_shares_sold: 0
total_transaction_cost: 0
Net worth: 99990.80078125
Profit: -9.19921875

